

(39.6621648, -8.1353519), (41.5489869, -7.960807)
(39.6621648, -8.1353519), (41.5489869, -7.960807)


(11.5024338, 17.7578122)
(39.6621648, -8.1353519), (51.0, 10.0), (39.5428862, -8.9195524), (41.5314496, -8.6192306), (41.5084468, -6.7733024), (33.8439408, 9.400138), (37.1734995, -3.5995337), (28.3347722, -10.3713379), (34.0346534, -5.0161926), (-10.3333333, -53.2), (9.5250254, -13.6826763) , (-22.8169023, -43.1272201), (13.8905104, -2.5749417), (38.569601, -8.9011653), (38.8355446, -9.3522371), (-22.9247351, -43.2327165)


(15.3004543, 74.0855134), (39.6621648, -8.1353519)
(48.8588897, 2.320041)
(-34.9964963, -64.9672817)



(-10.3333333, -53.2), (-8.4116316, -37.5919699)
(-10.3333333, -53.2)
(-10.3333333, -53.2), (-29.714209, -52.4285807), (-3.3260273, -60.6439924), (-3.300272, -43.590158), (-32.0334252, -52.0991297), (-4.7493933, -52.8973006), (39.6621648, -8.1353519), (-9.282373, -54.2885)
(-10.3333333, -53.2)
(51.1638175, 10.4478313)
(51.0, 10.0)
(-10.3333333, -53.2)
(-10.3333333, -53.2)
(-10.3333333, -53.2)

(-10.3169663, -36.5769132), (-10.6743911, -37.3773519)
(-12.285251, -41.9294776), (42.6384261, 12.674297)
(-10.3333333, -53.2)
(51.0, 10.0), (51.2086975, 89.2343748)



(-22.9905839, -43.584923)
(-10.3333333, -53.2), (42.6384261, 12.674297)

(-8.4116316, -37.5919699)

(-2.5716659, -42.7427543), (51.0, 10.0), (-10.3333333, -53.2), (-5.2085503, -45.3930262)

(-29.0177384, -57.8869739), (-10.3333333, -53.2), (-24.4842187, -51.8148872)
(-29.0177384, -57.8869739)


(38.7038836, -9.1823883)




(-5.2085503, -45.3930262)

(-4.8654201, -43.353664), (-22.8169023, -43.1272201), (39.4810037, -7.9981225), (-10.3333333, -53.2)
(-5.2085503, -45.3930262)
(39.6621648, -8.1353519)
(-10.3333333, -53.2), (-22.4238234, -45.4524156)
(30.5231861, 80.5727039), (51.0, 10.0), (37.9755648, 23.7348324)
(-5.2085503, -45.3930262), (-10.3333333, -53.2)
(-10.3333333, -53.2)
(-5.2085503, -45.3930262)
(37.9755648, 23.7348324), (41.8933203, 12.4829321), (-5.2085503, -45.3930262)
(-8.5083701, -39.3106961), (-4.3239824, -40.7097463), (-4.558259, -37.767894), (2.8243788, -60.6876267), (-3.7006659, -38.6421522), (31.855991, 35.4598851)
(-5.2085503, -45.3930262), (51.0, 10.0)

(-4.0317843, -38.3485731), (-13.5446037, -43.4510565), (-8.9910486, -39.9089047), (-7.212861, -40.1359222), (-10.6743911, -37.3773519)


(25.7202249, 84.1052245)
(-10.3333333, -53.2), (-27.4210173, -56.6011693), (-4.7493933, -52.8973006), (41.5489869, -7.960807), (39.4810037, -7.9981225), (-3.3260273, -60.6439924), (-13.5446037, -43.4510565)


(9.5250254, -13.6826763)

(-21.1776315, -47.8100983), (-13.5803333, -41.8112152)


(2.8208478, -60.6719582)


(-25.5148822, -48.5226695)


(-5.3264703, -39.7156073), (-3.6879135, -40.3456372)

(-8.0854638, -35.0066165)

(-7.6992782, -42.5043787). (-23.5427842, -46.3108391), (-9.967583, -37.0015357), (-27.9557716, -49.875957), (-9.6611661, -36.6502426), (-6.7675739, -43.022261)
(-10.3333333, -53.2)










(-9.573303, -40.955261)
(-10.3333333, -53.2)


(-23.5606808, -46.5971924)

(-9.282373, -54.2885), (-10.3333333, -53.2)

(52.5310214, -1.2649062)
(-21.7595281, -43.341808)

(51.1638175, 10.4478313)
(14.4750607, -14.4529612), (-29.8425284, -53.7680577), (-4.7493933, -52.8973006)
(-10.3333333, -53.2)

(-10.3333333, -53.2), (-29.714209, -52.4285807), (-10.3333333, -53.2)

(-22.8169023, -43.1272201), (39.4810037, -7.9981225), (51.0, 10.0), (-21.0002179, -61.0006565)


(-23.5506507, -46.6333824)

(-9.4336959, -40.5068201)


(-3.6230762, -39.5028748), (-3.6175944, -39.5829887)

(51.0, 10.0), (46.603354, 1.8883335), (-12.285251, -41.9294776), (48.8588897, 2.320041), (48.8582599, 2.2945006), (48.8599535, 2.2922637), (49.9892202, -2.2384698), (53.550341, 10.000654), (42.6384261, 12.674297), (46.7985624, 8.2319736), (39.294076, 35.2316631), (64.6863136, 97.7453061), (55.625578, 37.6063916)
(-23.5506507, -46.6333824)
(36.7014631, -118.755997), (45.4371908, 12.3345898), (-10.3333333, -53.2)

(-10.3333333, -53.2)

(46.603354, 1.8883335), (-24.4842187, -51.8148872)

(-21.7649506, -41.0961685), (-22.4863255, -44.0281708)
(-10.3333333, -53.2)
(-10.3333333, -53.2)

(39.6621648, -8.1353519), (40.18318, -8.5323021), (40.6126185, -8.0519772), (40.6162375, -8.5194434), (40.7511477, -8.5754765), (40.6374205, -8.4885711)



(-12.285251, -41.9294776)

(-22.971974, -43.1842997)
(-10.3333333, -53.2)
(-23.5506507, -46.6333824), (-23.547819, -46.6392744)
(-10.3333333, -53.2)







(-23.5275691, -46.6796078)
(-10.3333333, -53.2), (-19.8435409, -45.4106241), (-5.8106219, -38.3028294)
(-9.6611661, -36.6502426)
(-8.3515756, -35.0170833), (-8.4116316, -37.5919699), (-8.0044571, -35.0505645), (-9.6611661, -36.6502426), (-18.5264844, -44.1588654)

(-7.9986401, -34.8459552), (-10.3333333, -53.2), (-22.5733836, -44.1769442)
(-9.6611661, -36.6502426), (-10.3333333, -53.2)
(39.6621648, -8.1353519), (-10.3333333, -53.2), (13.581921, -38.320312)
(-12.285251, -41.9294776), (-10.3333333, -53.2), (-7.6362478, -72.6691649), (-22.41338, -44.8081084)
(-9.6611661, -36.6502426)




(-10.3333333, -53.2)
(45.709097, -68.8590201), (44.2057083, -70.7537839), (-10.3333333, -53.2)

(-5.3264703, -39.7156073)

(-22.961704, -43.1669042), (-22.9280478, -43.1707385), (-22.9834608, -43.2249656), (-22.9531726, -43.3715825), (-22.9130257, -43.1822358), (-22.8926665, -43.3110001), (-22.8974743, -43.3042461), (-22.9090942, -43.2678381), (-22.8381127, -43.2764454), (-22.8351129, -43.3233619), (-22.7593555, -43.108789)
(-23.425269, -51.9382078)

(-23.3500526, -46.6982748)

(-5.2085503, -45.3930262)

(-19.9227318, -43.9450948), (-19.2756823, -44.4034123)

(-23.5506507, -46.6333824)



(-10.3333333, -53.2)

(-22.9110137, -43.2093727), (-23.5506507, -46.6333824), (-18.9965692, -57.6538834)

(-24.4842187, -51.8148872)

(-10.3333333, -53.2), (-10.3333333, -53.2), (-10.3333333, -53.2), (-10.3333333, -53.2), (-10.3333333, -53.2), (-10.3333333, -53.2), (-22.9110137, -43.2093727), (-22.9110137, -43.2093727), (-22.9110137, -43.2093727), (-22.971974, -43.1842997), (-22.971974, -43.1842997), (-22.9885801, -43.1916762), (-15.7939869, -47.8828), (-3.3260273, -60.6439924), (-22.9110137, -43.2093727)
(-15.7939869, -47.8828), (-15.778817, -47.7801834), (-22.9110137, -43.2093727), (-4.7222419, -38.9748681)



(-22.906713, -43.1886731), (-10.3333333, -53.2), (-22.9343173, -43.1878165)
(-3.3260273, -60.6439924), (-3.3260273, -60.6439924), (-0.9729214, -62.925635)
(-22.9110137, -43.2093727)
(39.6621648, -8.1353519), (41.5489869, -7.960807)




(-7.6992782, -42.5043787), (48.8588897, 2.320041)
(-2.5295265, -44.2963942), (-2.5232607, -44.4366225), (-2.5555478, -44.2570567), (-2.4967497, -44.3074688), (-2.5556659, -44.1379463), (-2.4084996, -44.4174143), (-2.5467256, -44.2385796), (-2.5282224, -44.2991967), (-11.8775768, 17.5691241), (-2.5275926, -44.2990064), (-2.5295265, -44.2963942), (-2.5238845, -44.2961799), (-2.5295265, -44.2963942), (-2.5290836, -44.3032416), (-2.5308835, -44.3057027), (-2.5423928, -44.2881331)
(-23.5506507, -46.6333824), (-10.3333333, -53.2)
(-0.2931886, -65.5059548), (3.422575, -65.723231)

(-10.3333333, -53.2)
(-1.45056, -48.4682453), (-4.7493933, -52.8973006), (-10.3333333, -53.2)

(0.3389242, 6.7313031)


(-21.9491076, -44.1143692), (-19.817223, -41.438333), (-19.4516825, -42.61884), (-17.2798626, -42.0284195), (-19.2218995, -42.8791455), (-19.5646023, -43.4180975), (-21.2425512, -44.9991978), (-18.67410, -48.1075673), (-22.1611742, -44.629127), (-21.1024968, -45.557992), (-18.1171722, -47.1615934), (-11.3658882, -38.006029), (-20.9762768, -43.6658991), (-20.1130292, -47.164159), (-21.2911864, -43.9800502)
(-2.5392872, -43.0169994), (-2.4733689, -44.1989005), (-5.2085503, -45.3930262)

(-34.9964963, -64.9672817), (-10.3333333, -53.2)

(-8.4116316, -37.5919699), (-4.1810469, -38.1298101)
(-6.1021602, -49.864554), (22.3511148, 78.6677428)




(-21.5881095, -48.0724258)

(-25.4944375, -49.284271), (-1.45056, -48.4682453)





(-10.3333333, -53.2), (40.416782, -3.703507), (51.0, 10.0)
(38.7077507, -9.1365919)


(48.8588897, 2.320041), (39.294076, 35.2316631), (45.0419206, 10.0478441), (40.7127281, -74.0060152), (40.7827725, -73.9653627), (51.1638175, 10.4478313), (22.3742506, 49.4770891), (61.0666922, -107.991707), (22.5726459, 88.3638953), (41.8933203, 12.4829321), (52.5310214, -1.2649062), (-5.2085503, -45.3930262), (38.0551003, -7.8605799), (-10.3333333, -53.2), (39.6621648, -8.1353519)

(-25.4944375, -49.284271)


(40.7127281, -74.0060152), (52.2434979, 5.6343227), (-24.7761086, 134.755), (-10.3333333, -53.2), (-20.385527, -43.5035214), (-18.7420499, -47.6900736), (-23.9335988, -46.3286399), (-20.8125851, -49.3804212), (-22.738299, -45.5903769), (-23.1555405, -44.2344809), (-23.2196461, -44.7154196), (-12.285251, -41.9294776), (-22.8615417, -43.2423859)
(32.0254688, 35.2888075), (32.0254688, 35.2888075)
(-23.5817308, -46.6600433), (-23.5512756, -46.6343519), (-23.5503953, -46.6339471), (-23.5503898, -46.633081), (-23.5415858, -46.6455883), (-23.2794787, -44.993324)
(-9.663862, -35.7306972), (-0.9558821, -49.5469438), (-17.6750684, -57.4553363)

(-30.1130731, -51.329442)

(-9.573303, -40.955261), (-23.5506507, -46.6333824)
(-10.3333333, -53.2), (-5.2085503, -45.3930262), (2.8208478, -60.6719582), (2.8067035, -60.7485165), (2.8054308, -60.6765191), (2.8133925, -60.7214194), (-23.042273, -50.075281), (-7.2549424, -38.6261268)
(-23.5506507, -46.6333824), (-23.5506507, -46.6333824), (-23.5817308, -46.6600433), (-10.3333333, -53.2), (-21.0002179, -61.0006565), (51.0, 10.0), (39.7837304, -100.445882),  Estância Boêmia de Itararé,, (-23.6389485, -46.6611986), (19.1399952, -72.3570972)
(-24.1145368, -49.3352464), (-10.3333333, -53.2), (-26.2460525, -51.0867717), (-23.5506507, -46.6333824), (-22.7690638, -46.221934), (-24.1145368, -49.3352464), (-22.9110137, -43.2093727)




(-22.9056391, -47.059564), (-22.9056391, -47.059564)

(-2.5295265, -44.2963942)


(-10.3333333, -53.2)









(16.0699874, 108.2245499), (15.9266657, 107.9650855), (-22.9573942, -43.1698023), (33.7680065, 66.2385139), (-28.1775297, -52.0360304), (10.7755254, 106.7021047)

(-15.7939869, -47.8828), (-20.4290496, -47.8250067), (-15.8102756, -47.9482437), (-15.7836394, -47.9152491),  (-15.7916206, -47.8021986), (-15.7939869, -47.8828)
(-15.7939869, -47.8828)
(-23.5506507, -46.6333824)









(-10.3333333, -53.2)
(-12.285251, -41.9294776)




(-27.5973002, -48.5496098)
(-5.2085503, -45.3930262)
(-10.3333333, -53.2)






(-22.3270097, -49.4362469), (55.625578, 37.6063916)

(-23.5506507, -46.6333824), (-10.3333333, -53.2)

(-10.3333333, -53.2)

(-8.9616166, -37.624648)

(-2.5295265, -44.2963942), (-2.5295265, -44.2963942), (-5.2085503, -45.3930262)
(-29.1685045, -51.1796385), (-28.850291, -50.8592802)
(30.2016523, 53.1786632)



(-3.3973569, -44.3560724)
(36.5748441, 139.2394179), (-23.5666009, -46.6318034), (42.6384261, 12.674297), (-23.5577085, -46.6468132), (-23.5506507, -46.6333824)
(-12.285251, -41.9294776)



(-26.610868, -49.005351), (-6.122954, -35.472394), (-3.4433441, -39.1073159), (-7.5118822, -35.316076), (-3.0799477, -43.9830848), (-12.1378565, -40.3591349), (-2.9224684, -39.9152184), (-2.8986278, -40.4506081), (-4.9807025, -37.9194883), (-6.6146866, -35.4681434), (-2.9009918, -40.8427389), (-6.3893733, -47.8656722), (-5.7457043, -41.3482776), (-2.8986278, -40.4506081)

(-10.3333333, -53.2)
(-22.9110137, -43.2093727), (-22.9110137, -43.2093727), (-22.971974, -43.1842997), (-22.9624658, -43.2024884), (-10.3333333, -53.2), (-5.3264703, -39.7156073)
(36.5748441, 139.2394179), (-23.5506507, -46.6333824)






(-19.8900372, -43.8107916)







(-10.3333333, -53.2), (-5.5226203, 142.0871194)
(-11.5472437, -41.9773745)

(-15.7939869, -47.8828), (-2.5295265, -44.2963942), (-10.3333333, -53.2)



(-12.285251, -41.9294776), (-20.0131996, -45.9777034), (-29.1685045, -51.1796385), (-6.1664908, 39.2074312), (35.000074, 104.999927), (45.4371908, 12.3345898)


(-5.2085503, -45.3930262)




(-22.2703347, -50.5442675), (-19.8652854, -47.4402746), (-20.019448, -47.416494), (-10.3333333, -53.2)
(-10.3333333, -53.2), (-12.285251, -41.9294776)








(-10.3333333, -53.2)
(-22.9531726, -43.3715825), (-23.4575884, -52.048988)



(-19.9009634, -44.1541658)





(-5.7856147, -35.2071555)






(-5.3264703, -39.7156073)


(-10.3333333, -53.2)

















(-8.1752476, -34.9468716)







(-10.3333333, -53.2)
(19.5938015, -155.4283701)









(-8.1752476, -34.9468716)



(-12.9822499, -38.4812772)







(-10.8855129, -48.3716912)







(-8.1752476, -34.9468716)
(-5.3264703, -39.7156073)













(-4.7493933, -52.8973006)



(-4.7493933, -52.8973006)


(-10.3333333, -53.2)



(61.0666922, -107.991707), (-12.285251, -41.9294776)













(34.6401861, 39.0494106)







(-7.6362478, -72.6691649)


(-11.0983571, -38.5155563)

(-21.0002179, -61.0006565), (-21.35876, -43.0481021), (-19.6686694, -40.2809247), (-10.3333333, -53.2)
(-2.4967497, -44.3074688), (-5.2085503, -45.3930262)











(-10.3333333, -53.2)
(-28.241827, -48.6643444), (-10.3333333, -53.2), (61.0666922, -107.991707)


(-10.3333333, -53.2)

(-10.3333333, -53.2)




(-10.3333333, -53.2)
(-10.3333333, -53.2)
(-10.3333333, -53.2)
(-6.1021602, -49.864554)



(-10.3333333, -53.2)
(-28.1287706, -48.645562)









(39.6621648, -8.1353519), (-10.3333333, -53.2)
(-10.3333333, -53.2)

(-10.3333333, -53.2)



(-18.5264844, -44.1588654), (-21.2060284, -45.7449085)


